
网络1：

首先用resnext50网络训练的程序：
finetune_0.00015.py   得到的模型参数前件是：myresnext_wd0.00015   learning_rate':0.01,'wd':0.00015
test准确率为：
 epoach      top1     top5
1           0.7209     0.8045
2           0.8021     0.8725
3           0.8139     0.8792    
4           0.8184     0.8817   
5           0.8213     0.8829
7           0.8258     0.8849
8           0.8308     0.8885
9           0.8351     0.8911
10          0.8349     0.8917
11          0.8351     0.8909
12          0.8315     0.8893
13          0.8395     0.8944
14          0.8360     0.8916
15          0.8371     0.8967
16          0.8483     0.9023
17          0.8491     0.9018
finetune_0.001.py    得到的模型参数前件是: myresnext0001    learning_rate':0.01,'wd':0.001
test准确率为：
 epoach      top1     top5
1            0.6772   0.7651
2            0.7878   0.8638
3            0.8046   0.8735
4            0.7788   0.8548
5            0.7794   0.8554

finetune_0.00025.py    得到的模型参数前件是: myresnext_wd0.00025    learning_rate':0.01,'wd':0.00025
test准确率为：
 epoach      top1     top5
1            0.7783   0.8598
2            0.8206   0.8873
3            0.8262   0.8895
4            0.8307   0.8906
5            0.8291   0.8894


finetune_0.00008.py    得到的模型参数前件是:myresnext_wd0.00008    learning_rate':0.01,'wd':0.00008
test准确率为：
 epoach      top1     top5
3           0.7936    0.8693
4           0.8236    0.8869
5           0.7271    0.8899
6           0.8307    0.8909
7           0.8319    0.8919
8           0.8338    0.8924
10           0.8296    0.8877 
11          0.8372    0.8910  
12          0.8375    0.8906 
13          0.8394    0.8925
14          0.8409    0.8927
15          0.8404    0.8926
16          0.8403    0.8921
17          0.8485    0.8922     
18          0.8403    0.8936    
19          0.8411    0.8928
20          0.8385    0.8923